Polygon_A:  1.30846 2.38478 1.3544 1.6907 2.38396 2.01798 1.96309 2.60261
Polygon_B:  -0.244997 3.5108 6.3495 4.48382 2.16794 0.741873 1.51393 -0.997771
